mean_rmse: 0.6128637944162444
final_rmse: 0.11397284711937825
max_error: 18.90307758362976
error_std: [0.57339046 0.24523886 0.84722171]
